14375
1591
79
27
263
7779
201
133
661
27
10
37
334
4015
15
70
4
624
104
10
34
24
3
34
15
522
83
17
211
201
106
40
271
9
52
98
803
118
616
37
133
107
235
1
5
1730
49
17
634
1357
6
26
0
173
6
1
58
494
56
486
170
12
29
39
17
1610
428
277
17
1148
110
6
837
32
22
246542
116
173
95
85
763
1410
383
289
23
381
465
474
184
64
165
496
3
133
2
20
119
152
104
261
28
783
5
1450
3
17
232
81
44
35
286
6
20
3174
212
874
1018
15
12
3397
46
40
513
416
481
516
20
383
1130
42
81
122566
201
411
694
47
19
235
158
125
171
147
115
53
158
25
3798
16
322
17
11
10
259
15
250
54
808
1140
5
110
182
36537
1200
706
10
215
337
32
159
11
131
29
30
319
7949
245
156
32
653
110
12
383
141
344
99
49
23
34
285
316
8
135
246
143
148
8
36
196
183
3469
47
49
706
25
11
11
1416
16
22
833
61
158
177
292
204
298
418
1114
31
278
1429
10
485
21236
568
82
332
37
1745
220
226
1069
369
288
229
29901
286
63
3158
453
14
509
4
249
62
32
317
141
334
114
1278
593
1999
272
95
625
84
60
123
2063
716
119
29
934
40
145
1638
24
98
1079
178
19
82
14
23
13
166
1544
23
3688
1958
343
4706
3089
753
58
16
111546
170
55
72
75
91
26
81
255
81
58
54
1591
89
79
105
293
1586
661
265
2715
1024
12
6
12
1796
15
629
40
147
1106
70
109
32
57
174
10
36
11
1731
64
6
328
24
176
117
734
66
441
42
228
14
22
386
1
19
100
171
96
158
82
783
374
1971
0
2
673
702
16
11
166
248
602
425
73
71
44
3
87
37
576
2170
526
797
9
682
56
31
4015
7
3
9
81
25
24
241
32
10
9
2
5169
559
9
154
196436
17212
3727
145
12
0
8
11
78
7
147
100
2
536
24
1
382
509
20
259
35
87
3
1421
513
7
48
175
407
383
292
1774
13
14
20
714
165
521
400
31
575
9
161
602
98
92
26
365
12
212
33
6
411
71
231
4
178
129
19
76
31
6724
85
4380
452
45
42
97
93
2008
30
406
249
13
7
84
1106
120
247
154
171
24
3769
54
4
276
52
166
49
209
328
594
13334
221
25
6
1
143
318
198
162
65
317
0
1075
23
5
35
359
36
101
238840
12
12
1
11
182
57
11
128
365
0
1328
270
139
1
386
23
440
101
171
15
49
52
65
6
28
223
3003
40
620
6
81
2859
8
32
2580
610
1130
169
4
201
2
9
1
214
235
171
311
930
408
49
133
40
53
1562
134
1374
43
73
17
148
6571
185
764
1529
218
12
904
20
7
1404
125
53
398
1466
211
77
578
0
435
81
8
289
59
124
147
133
49
46
104
8267
34
254
884
21
21
21
1927
79
49
285
56
32
21
1228
2
3798
617
13
3
16
198
100
55
2868
166
478
24386
996
196
29
151
16
212
226
26
3174
614
488
6289
874
206
13
32
189
364
158
391
90
2133
80
2167
60
41
134
11
109
1825
138
164
443
347
368
97
79
180
11
516
90
165
140
202
0
68
150
2749
115
19
1544
16
592
41
33
783
122566
74
6
45
273
2
39
10
417
14
9
3
343
156
29
50
1360
83
54
1015
281
36537
50
1
623
1769
20
20
54
452
2011
103
164
44
53
110
777
42
196
127
82
2172
94
20
238
5
8
381
96
32
533
39
24
58
43
268
2
501
9
400
2628
590
841
182
602
10
59
642
16
24
4
5573
7
73
169
319
22
4
138
4940
19
76
653
11394
383
1060
84
72
38
84
36
1226
14
8
35
74
104
28
7577
10
74
75
340
240
26
1109
1894
37
4
769
323
156
10
16
425
414
10017
2208
49
12
398
379
171
101
316
289
97
97
17
406
777
20
1
115
1863
9
19
14
8
209
69
51
11
57
48
158
404
1437
134
87
92
46
35
134
27
10
1053
213
1265
3174
146
83
102
152
507
245
65
51
533
276
100
383
558
232
173
0
17
597
170
542
4
16
185
54
31
79
20
411
90
661
240
41
74
167
485
4015
40
750
24
95
241
37
43
533
33
57
36
40
1731
11
589
3
4
15
84
44
47
229
231
279
321
5767
63
178
82
626
243
2036
23
9
549
383
174
1943
92
795
139
160
68
97
92
416
367
44
37
467
137
55
1809
40
3
120
281
39
71
156
50
203
11
21
1
343
124
15
259
4015
2604
2
11
84
23
35
812
139
68
26
10
120
405
12
319480
49
357
4
19
310
58
151
383
55
813
100
89
53
5119
781
265
86
1
103
43
1354
20
8
19
29907
14
25
226
309
408
4534
8
607
7
34
131
1256
3180
412
56
67
310
404
4292
18
82
201
35
111
7
60
33
222
37
217
36
82
121
71
784
43
341
20
23
21
970
339
1
108
39
7577
23
27
118
46
306
3
71
52656
152
36
20
24
28
181
20
4
19
217
212
143
125
168
107
71
11
20
142
176
2146
12
65
15
22
15
138
86
152
158
946
30
49
921
87
6
1
23
326771
421
66
209
1
54
226
57
6
17212
36
129
1769
364
4182
277
171
299
4015
44
15
1796
37
24
141
241
17
485
121
5169
17
2628
22
16
281
42
36537
23
395
273
11
43
118
87
19
4015
149
29
9
8
701
53
710
4940
46
34
11
87
1906
13
13
221
107
564
163
91
85
13
4
59
17
31
28
310
120
1894
114
18
121
437
238840
361
557
904
5
3
1404
70
71
129
23
627
4
76
44
175
171
435
209
197
1529
78
66
50
1
15
25
1129
1167
368
201
1004
776
3762
582
64
12
240
144
430
114
51
158
242
73
1391
65
235
22
83
148
479
13
65
14
20
238840
373
6660
1404
656
20
175
49
6194
1551
69
50
60
1
495
25
11
15
7
44
19
72
295
49
464
165
53
38
2709
146
22
1537
30
173
2000
634
14525
143
102
808
51
210
3506
6974
48
2
26
14
17402
457
332
267
1614
29
122632
260
479
2158
208
212
18
733
6
2841
376
124
57
1347
33
5
31
30
470
435
69
226
78
14
39
2
11456
834
156
889
8
780
61
0
164
3762
309
14
555
1212
53
11
39
317
89
588
58
9603
161
369
2099
7
23
122
59
61
106
701
565
9
10
86
166
35
62
238
765
7670
240
877
43
2208
18
73
22
95
53
35
219
22
165
79
2560
87
16
101
113
9
602
32
48
115
82
660
688
20
3551
114
814
161
1972
685
70
0
403
346
60
663
36
785
171
73
69
2618
18
71
217
223
45
326
20
52
37
201
24
1065
128
187
356
137
30
59
70
10040
238
599
96
1063
207
74
1307
166
268
44
607
432
4027
539
86
24
1170
323
209
3691
56
187
237
3
76
141
202
106
337
12443
316
180
200
9120
3759
3374
147
31
178
1041
423
396
134
383
354
197
15
2
31
65
354
731
524
29
181
3286
37
155
573
48
1292
240
21
45
1
84
65
27
212
15
13
98
13
21
17
35
67
181
122
83
24
310
184
49
84
1100
8756
326771
2
1
6
107
86
904
46
1404
49
118
25
323
490
324
4380
101
117
268
9
17
1106
1526
42
22
336
31
54
652
25
9
4726
16
20
26
719
14
75
351
79
1475
122
106
208
338
221
512
158
183
18
11
247
214
23
1011
585
238840
11
31
18
26
5
11
24
109
44
171
25
206
958
410
66
11
50
4
13
1184
3605
148
1500
15
348
1932
6
5
791
19
368
269
204
42
371
79
28
39
15
6
100
761
31
36
181
12
1
211
1575
132
150
43
22
84
380
148
13
28
188
50
451
20
105
3469
236
80
808
153
37
63
3730
3738
111
67
1273
130
287
247
485
10
2208
464
31
71
112
417
21236
2293
92
142
365
669
48
343
62
85
24
25
127
925
1235
68
82
87
1034
79
6195
625
938
198
69
37455
934
403
1796
70
1124
665
133
122
67
1004
84
1408
128
398
818
122
194
20
326
280
354
20
252
92
297
1044
246
116
210
183
42
650
958
112
2753
787
45
225
27
217
1032
439
278
922
262
58
661
264
127
59
53
252
22
35
286
6
233
83
240
1214
843
80
33
598
195
56
158
1414
14865
77
334
195
30
74
49
160
143
60
333
513
717
106
20
405
46
489
32
14908
76
40
186
15
738
37
398
60
566
22
324
238840
250
408
15
321
237
32
2045
40
241
1404
678
45
291
273
41
7378
18
18
91
171
30
59
102
82
9
49
77
27
6
4515
1003
41
7
181
3255
749
79
18
7
1186
54
761
158
11
42
3
45
5
67
983
123
50
31
19
1107
245
19
87
38
706
2
33
20
36
139
223
2728
338
30
110
109
31
43
112
99
57
77
662
4015
101
40
267
1106
42
485
133
6
71
115
22
403
370
78
26
1004
54
103
330
13
145
114
158
16
144
560
1140
1784
222
1233
359
21
222
2
142
28
536
45
41
796
31
53
35
218
297
874
110
250
0
9
54
90
489
1308
577
20
3
368
17
234
93
79
408
335
12
26
78
976
436
1575
604
17
128
26
234
118473
1063
418
54
3
350
36537
1
251
858
582
405
35
70
408
1178
316
15
115
50
1109
135
485
104
101
389
260
138
653
359
5
3
64
28
124
44
458
56
0
7
12
309
46
315
25
79
79
7
110
227
34
329
0
140682
25
138
137
9
26
84
2
201
83
10
33
6
206
41
35
104
246
8
160
110
6866
14375
68
121
5
396
172
49
2
9
369
1135
50
64
73
1529
484
16
4
8886
203
138
67
42
423
17
81
89
115
1330
17
196
8097
520
173
43
182
95
123
48
688
28
136
9
122
913
963
4744
608
155
2
96
142
1138
11
396
1676
74
1135
11394
163
1500
51
201
19
134
664
160
18
868
196
98
35
27
49
170
331
813
2203
1214
6
92
633
328
18
187
73
69
321
39
1236
742
37
145
57
17
43
4015
16
374
19
14
133
118
42
96
35
48
12
56
447
1
148
186
9
271
18
2
76
36
3
30
1490
676
341
50
317
8
37
339
79
4915
1347
294
6
40
29
887
97
212
12
342
87
195
33
742
13
243
133
10
53
127
42
246542
570
18
34
121
3
270
204
20
350
381
13798
148
39
2
66
52
165
856
30
308
152
104
57
87
677
39
286
240
323
52
87
9
20
12
59
17
53
988
150
93
41
40
14
425
20
8
337
142
140682
26
64
5
91
45
157
35
1769
32
263
223
137
29
33
338
273
398
634
269
14
277
605
33
236
545
4015
11
874
741
344
29
17
249
20
211
751
1737
201
92
368
232
1247
347
5
23
165
246
21
268
1
61
617
106
1784
821
306
234
1109
246
118473
1063
54
134
182
706
44
61
2728
1194
1265
109
28
3174
19
144
2
24
319
32
653
1867
17
149
794
368
92
9
97
303
204
288
169
1109
121
246
1063
2077
365
188
214
3
16
26
243
4
1236
74
217
183
5
191
32
25
1
0
2229
18
21
41
168
60
23
28
2
226
987
22
12
35
46
28
22
65
0
83
800
42
225
107
304
15
15
4
13
86
28
6
150
222
578
217
946
238
29
326771
38
41
39
52
1544
212
5
28
33
6
141
116
137
28
41
42
679
20
13
9
1
6
15
226
24
22
151
476
478
19
171
115
61
477
11
0
921
30
12
87
0
0
323
66
20
67
5
25
130
81
358
50
845
1
120
210
222
5122
20
283
23
5
587
208
367
181
2063
557
484
74
3558
1321
16
1265
372
53
218
121
54
108
56
26
218
25
87
10
112
92
11
168
278
1060
1867
296
282
23
26
712
382
39
240
54
46
346
558
211
320
41
66
79
170
99
233
241
675
31
51
706
185
54
200
1466
35
173
4015
1649
71
126
7356
228
160
147
133
57
1863
8
608
24
138
11
49
534
10
6
537
13
53
25
322
36
88
30
1261
18
36
68
39
65
4
99
92
52
56
32
211
15
6
344
174
592
23
32
32
677
791
37
232
209
1392
20
590
2131
631
9
63
74
392
34
121
889
4
56
2
661
93
2792
101
91
29
233
593
276
1949
83
381
221
81
1418
325
231
276
170
50
1529
670
40
254
23
139
811
1363
56
4
2
1135
311
689
59
419
17
27
204
94
2415
188
123
4
521
384
60
238
3779
45
10
634
320
883
2
51
163
1003
80
0
17
183
47
16
288
566
13
3233
1
158
114
236
150
63
394
38
51
218
148
186
17
172
284
128
433
113
232
857
89
39
81
19
0
87
35
33
17
24
488
96
243
232
10
38
246542
1
25
273
204
74
381
308
2
161
259
45
479
64
201
52
597
517
233
727
871
16
192
147
14375
42
119
756
238
5139
80
22
58
89
1432
243
275
79
14
650
32
584
96
384
98
189
334
124
438
319
111
209
26
7381
445
388
6483
961
1838
19
505
835
201
75
258
148
1318
809
3
20
2731
32
122
101
160
388
15
64
6
32
146
148
123
42
138
25
142
71
223
1175
1575
518
18
82
15
1184
3
251
463
66
145
12
18
12
169
51
1188
435
214
132
33
695
41
136
16
144
74
53
36
34
87
7
16
88
2
222
322
15
31
17
194
103
192
1354
311
52
1512
48
76
8
342
144
45
1521
409
3374
122
12
213
270
1
1943
8
287
465
21
1
34
357
108
372
2
49
15
0
146
358
31
17
411
0
47
142
19
25
29
81
2
560
85
485
118
106
14
144
44
100
108
4
166
238
256
976
135
69
421
745
827
71
22
67
37
554
565
33
789
115
76
15
580
106
48
25
25
173
349
610
182
110
842
446
23
97
103
1212
33
449
88
24
105
74
225
21
2
193
12
108
201
17
277
118
1104
499
408
25
4
49
240
323
419
195
3709
267
150
20
524
59
47
280
62
37
27
19158
581
172
23
71
80
38
718
79
24
65
124
427
79
2
17
80
581
88
131
35
1735
34
489
63
257
22
31
109
4
64
79
531
1136
241
17
316
479
1501
187
106
383
360
205
354
873
95
0
101
48
332
13
47
915
140
136
33
57
73
83
99
172
71
21
59
418
54
195
39
36537
1339
16
175
26
783
12
18
42
1339
114
37
760
89
211
29
1013
189
209
314
14
10
36
200
250
203
26
322
34
645
261
258
1914
12
47
572
948
10
11
1265
3174
44
47
300
244
77
317
653
45
161
193
39
16
704
367
113
18
11
180
19
498
17
41
60
1109
1894
17
275
174
47
5
66
39
8
52
29
22166
73
142
1194
178
240
338
5138
1896
6724
48
1057
121
90
8
37
53
494
47641
33
1050
136
51
83
274
178
4
32
25
54
103
12
6
734
794
223
1770
976
109
23
13
31549
218
81
1
6928
3533
331
11
186
101
787
621
174
1064
216
16
96
134
22
1640
179
30044
4121
1439
99
811
711
34
25
1827
601
963
4744
51
32
110
12059
149
629
35
52
65
198
42
12
44
307
6177
1671
19604
2921
31
658
1343
15
361
214
235
1022
10
4
8
171
388
1575
28
5
3385
10
22
22238
78
32
23
188
49
105
86
62
10017
2
343
12
217
200
29
12
57
129
212
7
1551
30
5978
21
27
35
149
196
2316
10
17
13
26
16
31
328
154
56
622
243
3798
1589
14
34
131
1476
473
2316
121
25
2868
661
79
1047
48
21
1855
3828
5
38
8833
2217
62
930
2
255
3911
56
757
2139
151
102
192
76
6
47
763
39
46
166
12
56
5618
237
153
1250
608
13798
25
693
1056
522
119
165
0
26
221
339
16
181
14
592
89
769
3491
27
143
109
6
86
86
904
1769
21
1404
3
4
118
4
124
6
323
435
10
589
25
97
28
1106
105
1549
250
66
216
181
226
20
106
8
11
35
4
80
271
158
42
560
243
18
261
532
71
359
123
238840
21
119
176
36
620
112
4
109
342
87
75
989
3
66
82
56
242
7496
91
796
12
487
206
287
1500
10
124
368
35
350
20
21
311
165
97
15
1
3
79
255
4
43
73
148
6
174
10
63
31
35
12
61
582
41
91
471
26
62
241
7670
32940
356
354
129
323
138
1097
226
10040
22
463
450
53
3
59
35
6353
237
11
8
55
165
216
377
76
461
432
419
538
602
138
843
33
323
126
12
119
660
11576
814
440
1034
56
518
545
674
1441
178
12443
112
35
200
576
98
40
178
11394
1135
383
6
398
144
50
235
77
10
31
9
99
20
13
2262
2506
172
18
155
119
19
387
2628
14
1914
2654
281
36537
33
189
68
33
539
24
14
15
3
46
4015
12
110
142
71
82
4940
317
121
61
45
97
255
154
1
263
749
88
4015
12
168
11
11
91
572
125
65
11
52
36
71
152
18
86
49
24
68
15
946
310
16
28
190
44
48
326771
33
2
173
17314
394
25
105
205
60
6
111
81
89
0
6793
198
25
47
15
40
17
94
69
155
281
15
0
66
120
921
17
5
87
47
66
20
86
31
132
1015
357
3730
4818
1441
130
17543
215
112
36
102
151
321
96
55
745
312
1634
85
1349
224
347
45
639
53
181
2293
146
38
88
409
411
1320
369
160
3391
429
229
212
1295
522
3158
24
410
708
70
479
190
57
96
14865
13
1262
21794
59
18411
314
728
1223
50
147
1923
403
330
137
1124
147
206
2060
1422
181
36
1414
950
253
1278
14257
971
506
60
155
449
584
1268
119
22
170
18
24
154
36
124
49
8
60
38
48
5
485
76
89
52
78
18
83
1
60
128
27
185
45
40
48
18
8
502
18
190
18
1
10
34
155
65
127
235
9
15
111
20
13
37
54
40
0
95
10
137
17
17
13
2
17
326771
36537
56
1769
5
872
161
9
143
15
1068
843
435
26
244
564
118
482
71
1
653
61
20
187
60
186
841
33
16
10
12
1039
5
73
6
57
0
317
60
43
209
40
185
54
9
5
17
79
83
661
3
20
153
31
212
6
46
4015
18
5
6
185
106
28
24
51
35
241
1106
7
383
74
57
17212
26
63
36
121
1731
159
44
9
845
75
416
44
37
40
246
722
2058
1
56
223
232
2
54
20
57
36
20
90
355
1731
1441
99
1285
371
274
132
171
4015
309
44
37
272
24
621
18
241
317
237
383
807
1107
4
238840
256
394
237
206
32
1404
40
80
340
138
41
171
42
1317
981
89
394
1064
240
233
149
198
16
55242
38
85
9
179
758
1591
16
395
904
1404
58
634
4
398
5
152
1581
74
33
275
2229
58
97
136
1106
250
90
130
8
850
3762
6
138
18
158
236
36
47
131
427
22
322
41
13
198
12
98
35
661
19
123
238840
12
193
124
25
35
162
1
53
10
617
22
50
46
32
12
89
15
10
16
1867
44
140
357
201
149
368
33
1
165
408
14
16
1
79
181
9
125
83
6
63
42
14
188
0
491
37
259
1261
1640
3779
239
1168
32
2944
1896
1524
162
26
752
72
42
3
359
1442
485
293
288
53
3919
152
185
6974
745
17402
15
40
408
253
45
54
5
109
218
17
3067
210
1374
188
1894
278
2922
13
11
1960
26
190
1107
7108
238840
47
1404
40
261
853
132
17
40
1
275
171
1296
631
172
7
302
223
295
54
442
19
164
211
101
163
3
133
176
21
105
76
22
51
148
208
237
55242
54
517
2
2
38
17
382
109
138
142
266
142
18
73
72
195
50
11
1141
44
4
11
1312
8
256
32
15
39
308
5
45
2
1759
466
40
46
331
35
132
1185
328
411
109
11
221
5
49
63
39
110
294
28
6
444
1417
23
12
25
76
405
60
84
68
11
6
3
19
87
36
87
42
402
209
247
16
77
5
771
208
33
19
549
220
22
440
82
111
36
28
56
12
3
871
169
1284
393
0
71375
210
75
18
682
8
127
21
406
144
116
21
1228
90
63
20
25
86
125
135
6
19
71
31
21
2
323
96
159
27
13
844
35
51
204
6793
79
212
32
192
249
333
257
54
186
8
242
40
220
731
213
146
66
228
110
98
23
2248
952
152
1063
54
172
4573
201
237
7
87
16
8
251
178
145
49
495
19
125
169
545
236
3174
4015
343
232
13
90
6
777
241
1106
10
160
196436
130
383
75
142
137
46
163
1943
719
197
49
86
6
285
39
171
42
10
170
388
14
1261
24
503
28
5
676
40
233
219
255
57
1439
316
7289
120
306
106
43
43
2604
52
722
568
81
14
35
164
557
21
30
818
9
1764
276
2013
14
746
1560
83
185
45
154
295
331
6723
152
10
36
1292
8
4
1
45
83
74
3
79
513
40
4015
7
150
304
320
166
169
1
100
102
3
29
1100
50
182
9
133
32
240
18
9
161
65
521
140
44
70
8
88
6
122
171
10
206
84
94
38
17
326771
15
209
455
5
11
23
356
44
380
7
10
76
77
41
688
416
656
790
2210
28
112
685
99
32940
10
15
745
20
183
110
6599
86
941
21
60
43
14
354
403
447
41
8439
20
737
165
12
160
5
60
78
295
55
7449
258
151
81
65
46
360
7
17
238840
2
2844
29
30
1404
45
40
76
54
84
16
1905
0
8
101
169
50
14
7
36
1106
18
128
424
95
20
47
19
38
397
523
66
293
14
6
39
42
221
114
80
66
1
1540
25
266
191
52
269
17
1
13
29
100
83
6
10
43
190
2628
311
71
109
63
1354
281
36537
195
291
98
568
1729
485
844
1188
371
335
1186
185
334
342
4940
298
59
593
71
65
46
24
77
196
26
149
92
142
22
56
16
22
13
130
731
17
28
15
12
275
39
143
5464
32
61
149
1232
387
623
706
577
569
924
1057
62
674
1538
27
104
8
8
2604
677
1504
2071
913
45
5
73
43
10
480
12610
69
26
44
610
405
1563
162
109
258
177
874
1018
125
79
2462
14
11456
50
834
156
76
173
1108
30
34
14
91
408
23
14
132
143
141
7
15
306
20
682
9603
26
3
239
272
25
12
26
25
137
1
299
16
13
485
55
350
138
33
1
6
12
521
113
3
794
54
184
5
1520
49
42
53
674
16
23
53
34
65960
134
35
13
126
10
14
482
332
57
43
133
9
24
229
342
95
99
204
45
16
9
56
4070
125
26
9
123
82
27
35
8
37
51
148
28
22
685
21
205
345
16
19
53
102
207
156
25
18
11
326
45
233
17
7
82
92
328
6
14
16
46
12
5
10
98
9
31
3
363
141
356
6
38
20
18
396
84
706
19
63
7
48
84
17
328
10
126
119
42
13
1018
13
182
87
7
113
12
21
46
4
48
57
16
63
14
83
64
10
16
196
12088
44
154
10
64
5
23
14
54
124
175
448
90
23
11
150
27
46
157
6
81
334
48
844
33
6
23
10
364
48
37
40
106
19
321
333
407
9
6
96
7
150
443
78
12
124
33
30
17
41
13
928
232
121
44
51
50
400
170
8
40
5
12
7
37
26
20
238840
904
397
35
1404
17
171
209
3174
397
548
101
45
30
3003
59
97
405
3605
485
126
380
211
1
17
368
734
197
964
745
221
1228
42
53
135
132
42
1890
14
87
32
11
488
4292
23
26
1769
26
17402
213
19
133
41
15
70
55
485
69
178
52656
4
14
628
32
134
151
0
157
2728
5
2
205
539
127
18
53
198
44
1491
4
32
444
533
312
30
335
16
1
98
17
92
539
193
2
112
7
188
6
557
18
45
9
706
223
338
146
1
102
408
2245
15
14
223
153
4015
96
222
136
20
1106
122
487
3
30
245
204
368
1475
751
14
25
41
221
165
407
12
152
16
2011
122
255
23
7
61
10
17
23
983
234
21
404
152
118473
55
212
9
3
333
44
189
24
292
79
19
139
33
175
127
1
79
6
23
7856
111
68
63
12
19
12
17
107
38
173
42
358
17
68
65
9
212
5
6
41
27
33
11
112
4
171
86
3
168
12
127
42
946
921
87
71
11
42
204
326771
66
173
394
706
8
305
31
17
58
26
7
166
4015
145
166
26
173
120
251
168
37
265
47
29
11
182
11
71
95
65
144
61
71
319
263
41
137
86
60
578
946
310
921
87
49
190
11
326771
41
66
1371
1
16
0
0
21
1
57
12
5
23
5
2
7
1
0
66
0
2
71
7
91
0
110
2646
0
83
3
1
1
2
374
0
1
0
7
18
142
38
10
104
3
16769
566
2
3
1
96
6840
1
9
12
0
1
23
2
12
1
3348
9
177
148
205
221
121
52
83
69
777
956
1
3534
533
5789
517
30
164
98
910
3558
151
28
124
365
8
2
11
69
12
54
16
165
56
963
50
9
4684
559
13
89
273
5
4
26
74
110
6
34
21435
11
133
49
5
1575
1066
161
27
175
188
161
65
86
80
10017
328
10
168
64
127
10
32
44855
144
343
159
1707
132
329
32
199
313
309
246
210
438
504
44
5
0
221
80
98
84
56
26
157
17
102
649
0
123
473
14
29
21
174
62834
53
6
512
67
342
27
48
15
112
1212
73
161
1
1105
677
7
268
3
367
2838
36
396
15
285
80
116
99
13
338
86
1918
2040
40
57
42
9
274
25
1139
91
417
53
1322
61
994
236
165
45
265
66
258
294
1021
218
773
157
239
543
16
396
48
558
1500
27
11
5
1200
119
200
243
1393
279
12
178
35
210
66
57
202
1109
34
1420
109
13
18
31
53
1079
2728
29
145
17
40
903
619
2
5978
199
330
67
701
21
114
360
64
21
1634
271
114
315
338
191
242
3
2
20
617
7347
25
1991
9
8
218
56
961
114
14
92
25
47
645
1037
381
737
874
333
64
5
453
570
9120
85
951
89
66
76
73
350
7
964
125
27924
8
70
1063
19
37
56
106
33
82
1354
152
85
1396
2008
13
489
54
213
597
584
148
2
1867
347
101
2606
331
18
12
1418
275
140
190
4
2359
17
3
0
31
302
179
1410
70
251
67
269
88
70
52
22
447
651
833
250
37
120
8
2415
58
5
1215
115
137
133
28
67
22
187
1481
8
17
560
84
6
96
673
58
24
63
196
11
5028
2752
207
1351
12
47
142
69
295
164
564
173
140
158
114
355
236
178
100
9
43
1170
269
6
104
0
87
39
7
56
243
76
380
24
1277
151
92
245
25
2123
3
6
252
22
275
3469
591
103
4818
111
1991
524
465
1962
1073
86
68
45
68
158
240
55
287
292
1494
1647
128
169
4113
59
414
2134
906
264
14853
485
360
347
224
260
1745
818
264
212
157
602
728
1059
263
595
342
58
296
57
282
6800
2430
969
99
116
488
199
59
101
166
223
1061
634
1923
145
2415
220
1004
23
194
396
1226
1182
432
266
160
2694
495
716
81
22
432
592
10
192
50
86
4815
1015
257
527
447
14161
184
706
956
69
504
4679
594
349
112
168
191
7272
32940
908
270
821
3995
127
40
19158
3503
395
52
296
38
428
36
145
566
224
3400
166
192
320
97
1612
334
1069
7127
1230
348
330
126
900
3032
2722
2922
63
238
247
104
1900
77
57
410
1104
1610
448
5420
87
2141
3
3096
2152
105
1262
7
1623
98
971
267
308
717
1258
11
145
913
4125
298
247
156
181
380
957
950
108
67
745
537
110
133
2506
13
2096
40
449
584
493
1324
1063
85
1268
68
23
2521
193
41
513
4742
408
84
6724
958
115
301
752
41
3
188
2650
2063
17
1497
7
21
240
2214
90
1718
35
6441
123882
130
35
4535
206
1561
120
80
483
389
273
26
246
793
90
1175
1671
80
73
830
59
16
10
720
94
98
873
172
10
1022
765
20
1159
673
108
33
112
218
322
192
63
123882
1050
15
216
2718
263
54
60
389
14
65
1158
258
82
54
244
1354
2654
14
47
321
46
94
156
4015
118
87
76
60
241
1059
196436
383
8267
2251
507
47
1317
519
61
1509
31
9
71
805
372
19
26
300
45
138
306
1363
196
382
66
706
154
19
2803
306
584
234
5122
245
83
485
239
106
854
83
71
8
83
9
2560
217
209
199
24
143
526
214
983
473
358
147
81
2841
457
2628
106
176
2076
2654
346
99
72
11
8
1725
653
142
371
174
324
57
221
123
133
21
59
1575
170
330
107
7
808
41
63
9
36537
90
1769
1285
151
1823
234
990
85
12
13
132
4
62
331
7356
318
482
659
71
16
76
51
57
608
9
34
32
4
338
158
16
118
14
163
169
552
212
192
364
5
237
145
1220
226
111
152
342
57
190
3174
94
213
139
239
31
467
199
111
88
61
39
14
165
232
245
54
3
8
41
135
489
38
707
99
105
1999
193
187
5018
2571
84
111
419
2230
2171
103
91
186
594
112
703
101
231
1073
3244
1040
208
773
896
323
4387
92
160
145
1094
112
151
25
212
124
8219
1294
2559
1199
411
46
1409
110
195
440
59
97
152
339
9
1192
3018
70
479
34
446
1124
11953
261
197
858
6552
3394
398
1234
1652
1423
405
44
692
240
468
211
236
432
1050
48
139
586
427
268
713
28
61
2683
2096
1848
202
36
3443
412
682
584
1212
173
560
150
123
8
828
7808
300
71
238
22
89
4015
7
673
83
304
11
365
238
206
182
610
70
1769
54
0
71
34
32
29
249
193
843
366
105
6
323
6
485
17
100
653
178
238840
35
25
904
106
263
123
4
44
145
178
10
84
91
2
26
25
16
97
17
17
66
1206
12
12
18
10
315
16
487
1130
25
16
897
368
201
66
8
79
27
408
158
42
26
236
16
60
125
49
20
132
168
176
105
78
81
20
14
86
43
170
79
42
9
83
441
79
78
45
676
9
53
1000
11
55
719
68
845
212
332
32
54
20
14
373
97
29
1857
59
195
5
6076
328
660
218
136
91
1577
170
814
276
29
2
76
34
685
96
141
7
29
176
578
51
512
9
398
68
120
87
33
796
73
45
22
22
140
979
64
129
1371
19
623
179
323
48
121
77
2230
57
53
52
92
144
193
2753
174
43
597
10040
14
6
29
25
106
40
432
427
0
1797
3513
26
377
119
5
65
215
11
186
584
19
9
26
214
50
91
11
56
48
48
674
782
1331
32
55
81
655
178
224
134
55
728
155
71
1423
20
48
1
14
31
193
1079
152
18
211
635
3876
9
106
163
151
6
23
85
299
12
147
92
369
1683
61
89
10
41
26
357
482
80
7670
53
301
56
786
450
246
55
35
83
827
22
18
112
110
130
92
102
602
23
2207
67
63
45
33
75
250
178
62
49
1546
14
3
308
240
12
1
14
88
1885
11
120
45
240
210
761
346
1492
440
36
45
120
11
36
28
18
157
12
2110
357
156
97
128
111
237
116
16
75
11
68
92
374
1111
34
356
17
84
96
239
120
10
49
19
125
59
200
49
43
1228
611
236
29
4
61
30
30
613
6723
1144
74
323
209
184
260
50
9
40
54
514
269
2397
202
12443
133
112
52
35
141
470
1
428
286
1816
383
149
932
768
5
731
85
672
392
38
3004
45
2262
19
155
769
8
682
21
116
130
237
5
0
34
1236
162
261
2728
3987
77
4594
143
59
61
9
74
47
75
276
111
381
72
342
791
32
235
613
158
18
118
17
468
1577
385
71
580
452
306
70
532
14
107
52656
152
173
63
1
189
102
34
117
68
12840
126
85
53
11
166
47
12
24
294
168
108
137
15
33
27
71
11
26
35
81
1516
386
669
1
81
34
34
90
65
24
19
436
22
14
107
61
4
11
288
37
138
86
39
957
279
150
238
946
921
9
65
87
28
326771
66
580
54
220
12
195
11
13
57
244
22
8
20
2315
1643
21
34
7
40
185
55
13
444
176
268
22
31
2
97
6
288
105
184
9
42
10
17
25
32
60
13
36
41
9
14
154
341
1464
11
3
102
20
12
150
9
87
23
6683
238952
72
47
76
73
239
818
454
75
18
226
53
77
260
20
175
160
10
12
11
1
11
1769
757
47
34
28
22
31
23
56
31
220
29
50
12
22
11
169
549
386
44
543
16
24
129
30
260
4
23
12
170
13
302
19
17
220
154
19
885
59
14
601
3764
28
140682
2
3
8
258
22
226
307
1602
45
29
32
723
9
96
12
5
112
14
6
126
3
2
9
5
176
1
619
29
148
18
13
773
63
677
465
37
42
1918
16
1311
84
18
54
668
125
522
2606
52
231
59
314
186
9
2
15
27
617
13
2809
2347
48
34
45
9
669
21
206
128
58
109
238840
1687
7
346
55
143
534
93
23
171
221
334
26
41
1
260
3374
394
383
109
15
863
106
88
2783
190
125
58
1298
84
325
114
23
132
43
1004
5
28
148
13
55242
74
17
14
214
291
147
2
332
2174
41
36537
268
5
11
68
1
1
232
3
1
34
448
230
32
16
10
101
212
5
43
260
105
15
23
653
61
244
122
6
17
40
814
477
62
548
674
685
62
7670
569
12443
2409
1273
356
9
415
178
267
126
22
1816
10040
86
599
96
151
207
313
73
585
3676
54
165
170
211
4
309
340
957
37
432
1185
39
73
2262
539
216
602
155
100
94
3
3
20
7
1
26
29
13
33
55
79
140682
73
6
74
6
61
45
345
26
125
0
61
123
436
6
91
25
167
2349
30
26
94
51
28
577
62
20
34
164
24
9
130
373
53
1328
2208
0
100
13
31
41
31
6194
2768
26
352
2063
80
96
66
28
2038
875
405
192
966
245
207
29
123882
112
77
26
160
54
91
1228
389
19
246
172
66
15
13
458
646
414
644
76
263
1404
101
708
1194
166
37
33
2067
64
153
2229
696
199
350
11394
2926
79
342
1616
505
929
194
192
3762
769
45
5641
29
237
379
5
89
811
29453
614
913
1895
342
171
22
50
332
396
15
1877
204
758
1558
1265
1323
224
165
2911
1191
817
23
13
181
197
23
1374
14375
86
7997
706
661
167
13
13
20
4015
6
45
30
147
133
1180
17
20
176
17
201
21
35
67
8
158
120
14
1102
50
265
676
129
1357
26
173
1
45
222
2
12
218
197
29
39
87
195
17
488
837
11
200
246542
17
383
74
1524
118
11
71
0
39
462
868
649
181
597
7
172
15
52
125
55
29
74
2628
281
36537
132
17
319
83
19
58
4015
45
187
12
29
138
60
61
517
101
4940
236
25
106
9
575
350
28
30
101
809
9
114
157
3
310
42
5
93
149
87
48
3138
156
185
116
813
27
42
6322
288
20
19
6194
253
163
133
47
326
147
364
4
1404
94
43
23
14
563
1519
226
14
44
77
607
709
3
252
446
195
267
1233
60
403
157
201
204
321
536
93
83
501
1184
165
99
33
2550
25245
874
153
539
294
204
59
6231
58
317
489
195
2012
124
24
90
783
287
13
414
1450
7
25
5139
9953
240
9
460
7
21
39
594
95
107
6135
0
15
1007
8
7857
10
60
2579
49
151
160
122566
201
261
270
25
62
361
158
14
165
663
109
79
479
28
150
280
2
10
157
41
15
1
54
185
175
139
16
1757
55
81
41
14
28
8
8
22
458
26
749
59
55
37
239
14
168
99
35
80
71
337
11
83
58
54
4
57
186
55
12
106
65
46
116
37
44
20
8
12
4
98
13
26
7
20
86
131
42
99
15
105
94
578
126
946
35
1321
227
326771
5
85
28
66
79
16
22
154
7
1118
8
20
14
48
166
11
11
14
80
43
34
182
243
38
328
332
20
129
9
15
82
275
15
921
22238
5
34
34
87
8
66
19
28
97
270
165
83
2
153
1323
154
132
5119
78
271
485
9
43
2201
109
4
4880
988
18
66
378
14
44
4
41
31
413
93
70
52656
152
10
20
42
270
281
143
123
15
4
101
38
6
2201
12
4
34
36
4015
33
105
18
777
26
231
63
160
139
60
52
108
812
23
142
0
63
12
104
65
52
79
319480
1
115
4
310
94
151
173
19
50
27
14
61
474
505
45
10
131
99
10
389
610
383
672
23
60
692
14
1
6
316
322
24
297
35
115
59
79
343
17
49
63
65
11
383
142
9
25
19
250
82
700
84
3
406
145
386
0
144
626
126
967
1843
201
16
3
1521
421
45
47
4
67
56
212
403
6834
758
32
92
539
130
175
159
202
10283
1792
983
5
3217
7
188
439
97
21
63
31
72
135
9
116
1196
45
195
13
40
616
377
23
111
8
1317
12
44
49
335
32
70
43
336
82
84
35
45
7
23
14
456
279
7
211
15
610
4535
112
216
192343
138
1276
1177
15
98
46
11
11
11
76
32
138
552
20
209
54
57
36
79
1731
661
3762
57
93
416
4015
44
28
0
590
37
53
24
141
50
241
1106
11
196436
13
383
12
14375
2
3
5
0
27
86
1073
1
18
106
1477
147
1497
23
16
104
17
124
201
4
2201
1927
40
122
35
145
1561
181
212
103
22
297
4
1185
96
201
0
6
24
32
1045
76
121
2430
77
24
1600
114
913
237
70
388
248
770
14
4
12
239
347
64
222
54
39
37
146
268
10
107
133
7
75
28
18
172
7
23
35
16
54
171
31
195
1015
31
6
15
706
5
111
408
509
9
4015
2
207
4
700
295
88
3322
21
91
4471
214
40
522
54
30
14
163
157
56
37
8110
1
900
235
123
346
103
204
4
2978
192
5
36
6936
73
521
23
40
91
215
2
2477
481
420
87
8
8
21
125
751
36
84
15
313
15
23
26959
2620
35
52
9
750
212
23
7
42
2452
72
3469
60
581
1637
33
181
43
54
69
661
88
565
223
750
24
26
136
205
477
10
485
20
73
108
6
24
154
28
49
144
246
610
85
468
250
37
164
421
67
59
5
80
482
1418
26
511
63
1529
3067
11
6
1552
81
24
2
13
2
173
97
259
18
155
440
9
15
133
70
260
150
233
4
15
255
59
54
487
64
233
240
1891
36
1434
868
7
5
774
102
146
29
1158
50325
279
6
15
1473
485
29
16
101
24
920
1296
1465
116
28
374
20
17
115
16
505
581
37
4387
17
308
36
487
16
164
207
783
35
435
104
16
539
113
447
3428
132
661
106
45
410
21
13
43
259
373
123
77
261
39
813
17
13
4845
479
38
566
286
9
13
2
46
2515
179
246542
105
0
383
12
151
8
74
354
2
15
62
104
58
8
9
129
52
10
2096
30
11
682
487
17212
494
6
131
1149
12
32
69
29
15
113
1061
12
1381
113
10
60
3
154
383
389
157
7
536
25
2
338
501
22
67
156
97
59
169
75
201
924
88
36
93
37
56
165
887
16
2059
1207
25245
769
204
198
36
21
2631
198
7
174
17
210
4
83
137
17
1404
27
13
1135
513
14
3154
682
2342
101
16
394
716
0
14
329
160
101
14
149
3
41
296
6
56
10
192
3762
302
533
79
5
25
17
12
510
100
9
532
72
13
594
360
26
238840
2844
553
294
202
26
44
21
20
162
19
16
277
246
206
398
60
69
8
25
2409
50
24
221
172
15
50
45
72
948
0
19
3255
321
8
7
6
114
191
36
81
1902
149
44
3
48
9
4
8
706
0
6
11
53
339
14
33
159
1194
2
20
26
751
96598
81
59
11
12
16
211
2
5
21
6
72
43
201
34
86
36
24
23
9
165
3
15
8
31
16
7
1175
78
151
6
6
101
205
150
46
290
7
152
50
168
186
90
316
30
11
5
110
137
54
644
65
192
145
4
260
18
6
86
578
881
127
122
310
394
946
65
326771
164
21
261
8
394
77
485
18
1
192
11
33
266
3
89
51
65
36
5
1725
43
185
28
12
40
212
231
3
117
44
71
1
46
2227
436
537
35
372
363
921
157
87
348
9
29
66
67
34
204
536
751
93
35
158
33
338
398
102
165
304
33
16
158
25245
23
29
16
53
59
204
151
10
27
214
128
185
28
14375
67
131
10
258
24
842
661
6
316
13
17
6
55
115
4015
10
45
559
260
41
1501
70
20
246542
863
11394
34
383
502
17
1089
201
1170
785
67
40
45
181
1791
238
86
621
36
14
26
2
168
188
54
179
162
342
16
545
6160
4015
2824
97
1002
5
488
241
315
11394
383
118
2554
16
127
15
84
1228
21
1304
6094
1320
787
624
854
3957
148
63
618
47
2464
1188
23
1533
14375
0
7
189
49
130
81
661
485
21
243
92
101
64
4495
104
5122
49
86
23
83
485
101
9
25
42
5
201
51
1770
421
417
138
67
331
80
142
346
70
19
76
208
217
7
121
85
37
342
422
8
359
9517
182
7
130
11
7378
38
992
28
3
237
17
32
14
440
752
3
92
20
662
27
11
280
2245
137
12
115
11394
4
88
24
7
41
47
17
214
219
277
405
15
321
128
5
77
1025
1366
529
1214
76
187
16
15
9
706
1079
15
143
706
56
22
23
2347
4015
28
544
781
234
617
9
118
1863
337
51
34
254
84
206
24
32
17
52
138
10
52
164
481
3
203
243
2
40
22
35
55
3926
507
71
12
3
1
284
24
5
39
23
27
101
32
87
10
33
17
46
3174
214
479
10
378
38
242
10189
47
246542
132
6
383
21
167
1
22
502
39
111
75
7
164
149
12
25
677
39
11
80
1
323
184
5
94
42
2628
54
1107
104
60
182
36537
281
706
55
742
27
1593
2230
319
3473
20
511
71
4940
653
20
33
31
56
92
427
22
8
0
2337
80
669
649
34
310
36
1109
360
1584
1271
1299
196
610
182
1439
20
2430
2416
121
89
81
64
17
63
14
9
345
1136
4
214
110
219
1243
82
318
20
10
18
1147
545
148
250
4464
154
677
128
24
745
123882
221
1509
276
45
54
32
55
12
3
26
1392
8
117
689
26
193
130
99
586
266
1214
1063
199
2255
54
15
8
321
117
171
4015
118
909
424
24
92
241
1106
5
6
9
383
672
374
57
17212
46
6
8
65
144
1681
44
63
211
37
23
645
1529
7
783
352
79
5
1769
74
37
48
98
23
844
3
540
10
2167
307
1671
152
25
45
31
122566
105
76
248
41
6483
498
45
1126
7
268
210
922
2
1140
128
518
301
114
121
1
130
706
32
506
242
47
212
84
24
1385
4015
86
113
17
1350
234
61
354
12
92
78
20
89
53
355
20
904
11
42
13
372
24
408
213
175
59
222
84
238
1616
1256
12
8
37
192
14
158
61
68
617
2809
68
322
197
317
30
173
238840
253
1
377
811
25
319
53
386
14
14
87
109
171
3174
30
41
9
3605
12
0
317
728
16
54
1
17
201
24
9
173
52
92
165
868
1114
1870
9
207
87
63
20
26
3
18
13
9
9
134
14
0
79
12
140682
6
33
26
15
61
123
7
11
436
40
22
167
1
88
146
2349
87
12
16
26
41
94
51
6
139
41
28
18
164
0
706
6
661
13
109
80
160
744
56354
25
35
958
0
347
137
10
52
44
17
485
5
7
44
26
380
1346
149
188
3
483
160
17
433
218
1115
223
8
57
655
99
238
108
1396
6194
833
8
200
59
201
664
312
895
586
83
35
96
323
30
68
53
50
1048
335
248
205
90
8
223
130
1507
15
3130
88
40
337
787
102
28
1828
2868
85
176
23
560
75
65
435
39
316
16846
178
1079
126
114
1465
634
196
833
2527
120
262
458
416
22
11394
1060
327
5618
200
522
240
175
692
110
38
56
147
964
465
2620
67
524
334
63
113
276
87
43
12050
2506
2096
39684
55
133
1458
480
17
18
581
433
109
223
32
324
418
477
1896
101
262
750
158
17
114
35
133
269
28
135
170
6
787
14
118
357
6
737
1926
197
82
634
72
651
73
1432
2527
823
114
1157
201
291
29
101
708
786
135
12
147
91
432
28
40
66
28
34
43
246
53
266
33
135
141
656
90
180
673
35
969
833
379
18
7
7
1064
101
9
349
50
374
170
295
841
56
154
544
515
13826
61
212
340
2006
21
1828
452
6
21
39
114
795
195
0
1370
66
22
5618
18
20
29
313
245
63
15
26
2620
140
42
1872
157
51
50
108
132
604
416
92
933
39684
449
1902
682
202
54
4292
109
13
2788
1166
1
13
26
19
39
273
5119
118
301
12
2
17
274
24
6
485
33
71
52656
113
3
152
50
43
11
86
34
44
217
201
46
216
790
747
92
326
120
456
1718
131
2210
55
14
469
32940
531
12
154
347
201
313
12097
917
445
145
58
294
246
9
447
23
43
8439
184
186
216
56
22
154
13
11
675
231
177
30
31
277
28
689
151
455
192
1061
356
1157
8
90
28
688
382
76
29
48
39
117
685
51
19
830
1140
745
2932
183
6
535
1562
624
315
74
44
76
181
14
18
91
0
64
21
55
2415
196
63
1393
18
660
132
60
363
60
999
78
116
13
352
86
12
10
21
21
16
32
145
159
109
56
20
129
65
140682
550
10
12
5
1367
59
7
154
3
107
15
958
201
241
473
2926
421
742
79
236
80
920
164
14
1296
79
98
144
846
93
673
32
10283
235
365
386
1059
220
54
296
12
4
29
1354
107
67
3174
84
4015
388
53916
60
24
95
1
241
1106
196436
2322
22
6
383
1500
57
19
36
29
158
63
47
419
19
61
30
195
21
204
44
37
1066
2838
22
124