0
1554
22
37
481
7012
67
315
105
151
79
102
272
1
124
254
34
1014
167
18
114
60
23
0
91
1252
276
5
164
328
241
113
192
43
141
541
206
218
1990
83
221
527
220
21
27
714
65
39
505
1916
20
126
4
42
28
39
124
460
48
964
221
76
144
56
70
274
69
454
21
1949
315
9
825
137
69
169
120
130
51
82
533
111
258
421
117
0
543
680
180
202
368
310
14
494
29
38
253
377
185
107
89
57
30
49
9
62
443
149
134
266
815
44
13
1
188
2001
1614
50
154
783
106
79
460
411
478
1694
32
258
2000
216
500
123
570
420
1975
396
54
1096
245
358
359
534
243
129
312
226
923
52
860
68
61
162
824
138
247
1
629
1826
98
101
102
295
66
2000
28
226
708
79
66
64
165
67
8
411
6
73
96
229
372
155
112
258
532
568
166
86
177
26
196
271
38
297
637
656
604
63
405
227
270
3416
47
175
2000
82
21
117
1638
0
40
538
98
520
361
2
374
273
627
970
107
208
1438
13
1079
3165
131
137
433
83
1936
58
310
1861
585
63
304
30249
237
215
1346
235
59
132
11
360
161
120
390
517
233
135
98
617
811
184
245
328
215
185
176
158
1622
487
107
771
91
85
1833
177
65
1022
83
50
225
100
108
28
258
449
77
2915
852
437
723
30
981
55
69
978
254
142
180
235
350
131
187
374
17
116
1
1554
330
22
192
229
4
105
429
1293
1256
44
28
38
278
0
338
166
66
1045
166
81
68
55
391
168
8
34
1528
208
6
1222
63
765
477
1792
212
395
245
399
61
55
249
25
123
99
0
315
253
287
338
176
1000
2
3
186
309
80
87
95
141
650
531
331
825
43
49
94
13
1432
69
890
571
29
524
108
52
1
59
14
3
180
132
20
26
49
42
57
2
294
798
29
680
110
18831
372
276
104
16
128
28
407
54
433
73
52
579
71
14
265
1980
209
853
139
223
30
228
794
57
272
342
247
258
438
341
49
67
110
1214
67
156
1223
124
1729
16
374
227
284
125
19
154
39
285
78
70
986
202
129
26
632
427
50
191
231
3873
425
1580
266
348
275
186
63
1282
181
1175
265
65
32
191
1045
889
203
75
133
196
570
179
11
1127
266
359
306
1880
200
846
270
159
67
53
9
1363
343
755
202
87
797
19
904
97
28
135
680
260
322
70
35
70
64
40
279
164
59
72
809
69
452
309
190
12
704
161
376
165
0
30
102
121
110
26
172
499
906
29
1070
36
236
1520
47
137
147
286
2000
164
36
570
35
85
5
174
1096
359
256
1454
363
180
494
220
76
674
231
757
107
82
25
604
407
331
433
520
436
175
796
310
51
1997
230
158
80
384
255
92
338
7
801
97
66
891
152
188
245
333
281
105
286
689
155
421
1200
62
110
111
1125
296
156
196
196
188
55
1011
50
923
871
92
15
103
449
105
224
647
320
361
500
245
1891
150
109
148
307
638
77
1
659
823
203
2001
635
180
77
419
244
1031
378
118
2337
563
828
177
66
83
63
518
1780
250
113
1094
196
489
579
100
376
54
751
67
368
107
202
2
160
115
657
301
128
450
33
122
108
76
57
123
218
77
457
762
25
84
83
574
101
111
11
782
419
157
383
249
223
1
645
21
295
191
8
755
1998
56
104
128
1295
585
262
299
313
122
147
692
155
333
281
494
1487
214
128
809
73
128
398
598
188
1176
336
62
135
50
556
98
854
26
372
1739
626
808
102
551
68
535
469
63
301
49
150
62
50
229
411
114
13
390
8
36
108
372
2883
258
1060
184
222
88
289
70
1435
37
34
58
359
135
54
910
25
136
236
381
296
131
892
702
108
31
531
1157
449
25
38
1360
893
413
634
341
108
80
538
47
434
274
891
186
259
76
1175
692
53
14
331
344
58
0
79
41
1880
52
113
41
124
150
312
476
485
345
267
446
100
135
660
45
68
1992
738
148
1
314
427
156
513
755
1098
184
233
88
436
329
258
1566
228
264
0
16
441
184
982
48
104
331
1
33
22
30
986
108
105
145
343
240
281
820
1
84
1433
20
311
26
127
229
1092
295
55
8
66
1528
39
578
17
4
65
0
39
210
803
158
985
258
985
199
0
8
878
1004
2243
36
19
424
258
436
1917
446
273
21
951
141
69
608
438
1137
43
13
502
411
89
1983
39
15
131
21
266
64
872
248
447
35
256
0
623
110
81
640
1
644
60
72
277
118
108
471
122
252
41
24
206
2001
143
1259
98
517
29
61
171
151
81
296
181
898
120
208
130
1020
407
313
340
7
121
83
750
102
117
88
116
30
50
0
346
363
4300
34
672
27
38
264
114
537
1375
204
905
407
402
1175
69
294
140
128
413
204
298
361
295
461
46
103
494
86
176
592
65
820
128
113
62
1461
74
11
143
163
910
67
139
276
140
476
26
197
283
318
83
214
249
149
1523
105
9
47
409
316
120
195
61
348
176
5
36
248
587
17
148
104
29
190
65
151
30
144
215
0
413
239
93
21
38
42
137
424
124
15
43
40
1
378
55
69
18831
8
332
1998
54
834
547
0
792
1
43
108
278
13
20
139
26
145
400
406
294
102
1739
49
85
21
93
295
111
725
762
31
268
188
91
86
1
317
121
57
43
519
149
515
8
178
92
43
264
1001
43
98
333
279
936
794
316
122
21
15
404
30
210
60
171
100
702
267
135
538
1022
70
317
503
796
34
19
1997
378
202
551
161
985
20
275
90
284
0
801
212
269
459
383
177
6
38
0
152
1073
1468
489
328
339
1088
34
305
32
139
296
246
1041
524
228
312
630
379
268
87
220
178
699
604
682
76
349
65
214
70
615
3951
1997
1986
96
284
210
4618
498
155
6
386
38
486
73
35
0
11
77
77
215
225
113
85
368
121
64
2195
364
160
375
181
120
524
588
580
393
97
642
334
1505
89
764
195
9
123
57
708
663
227
265
731
206
1502
402
253
72
238
204
180
91
18
2624
930
528
114
1487
50
10
45
79
1862
801
148
2001
111
75
122
27
426
0
143
818
117
1265
200
53
291
34
346
44
646
1159
142
17
397
797
484
527
236
647
207
359
320
19
39
10
101
27
87
1686
462
31
54
139
69
28
0
217
239
6056
296
710
76
716
20
165
59
217
20
97
106
40
70
251
169
160
114
148
289
45
39
299
77
329
245
431
384
214
82
43
182
156
852
838
323
0
593
267
114
338
33
327
37
214
67
2128
129
160
250
104
123
555
43
235
196
257
41
1112
21
157
0
130
79
237
172
744
1181
2001
126
354
921
144
162
364
464
108
672
210
1239
274
136
37
1892
13
43
184
72
225
451
25
59
517
214
239
322
192
270
400
565
9982
539
746
211
32
83
73
429
527
83
258
305
462
16
14
75
144
271
39
394
116
192
1381
48
46
552
52
99
214
48
64
25
51
104
71
316
65
106
255
102
81
88
132
93
315
123
108
94
171
11
239
0
15
337
424
24
9
5
591
443
796
257
1997
195
204
86
992
159
543
1580
434
424
2000
52
196
1045
713
116
50
1725
328
92
460
152
130
820
80
61
57
653
171
169
331
535
617
231
9
237
1913
437
377
312
661
169
48
420
235
30
1688
500
70
180
178
65
22
71
90
53
278
414
0
69
635
186
2001
177
41
6
4
26
643
6
201
1586
0
473
1073
19
13
1111
86
489
258
351
289
251
100
117
144
59
6
147
865
69
176
192
111
19
242
1340
325
2000
107
178
88
415
604
45
76
306
90
428
214
373
3416
387
158
864
352
111
100
3550
645
260
283
376
201
592
187
400
34
716
526
109
95
136
550
3165
238
483
175
135
298
29
378
36
964
12
47
194
906
1995
142
184
119
1035
137
3697
328
1665
450
148
24078
771
593
1859
171
1184
549
309
117
107
277
229
1441
213
300
589
215
256
36
159
715
276
75
239
309
159
1106
500
160
437
270
112
718
919
82
2186
443
220
704
96
691
1070
145
208
727
1723
120
579
476
140
94
78
613
45
160
237
8
494
75
249
1051
933
94
46
680
198
104
325
999
222
85
233
622
233
98
89
484
382
198
158
794
611
241
55
2001
67
2001
151
193
94
132
163
70
680
55
388
0
289
73
120
70
185
885
73
2001
451
26
1078
172
968
1997
895
297
943
762
343
1589
211
53
93
0
74
152
205
182
57
138
1
62
10
932
774
11
49
72
23
351
341
29
21
766
128
865
312
98
46
10
36
31
276
1695
129
232
116
24
1766
439
8
60
84
2000
94
108
310
74
111
22
120
249
29
322
794
56
115
98
174
11
640
876
1
434
121
373
1045
2
400
333
33
176
331
52
1234
468
320
172
339
6
9
107
5
318
524
312
80
218
2001
988
2001
632
1999
680
108
349
19
206
20
76
5
110
1324
15
130
107
21
544
2001
315
209
2
1
145
88
10
583
449
72
17
489
102
279
25
341
363
605
1
192
138
477
1118
1340
333
11
397
102
41
77
549
552
1
47
2003
295
10
334
755
133
2001
257
329
363
577
274
53
136
96
892
245
400
191
285
1042
60
428
372
653
16
15
94
234
358
69
319
193
19
26
52
97
62
30
69
277
190
58
311
261
78
414
26
402
60
390
828
54
117
506
28
445
245
36
30
57
95
96
127
389
500
57
251
357
833
0
360
538
19
315
331
152
18
61
336
993
88
151
109
459
168
76
65
8031
492
256
3
82
277
34
243
147
208
114
50
262
665
322
42
156
102
209
182
134
384
74
150
95
249
1998
589
478
1227
130
20
133
130
1904
41
865
521
252
1043
2883
230
1273
134
570
56
325
267
951
67
1730
374
130
55
59
103
184
174
228
917
576
54
251
1843
876
40
610
277
158
2001
85
2000
493
94
262
141
48
115
1
65
97
35
78
333
280
216
126
128
235
119
156
106
9
124
345
65
1084
69
6
277
182
31
127
2090
975
1313
115
425
25
163
240
211
4657
1487
271
10
488
112
400
119
307
49
1199
199
622
155
1916
54
113
170
48
78
173
112
169
143
85
196
133
21
271
172
72
2003
0
561
147
47
65
71
197
67
78
75
57
149
135
98
137
143
98
727
103
316
129
343
36
233
78
423
120
513
392
195
369
96
28
102
192
78
52
618
0
402
167
151
81
37
228
269
28
1998
26
481
22
414
47
79
249
762
80
2001
526
196
547
615
224
316
577
1
13
2001
14
753
147
196
265
29
369
123
1982
570
446
489
1087
1989
305
41
95
368
517
83
1069
32
114
871
328
2001
473
476
41
892
500
77
549
1
660
102
2000
94
67
120
1353
148
794
302
1
22
928
3
97
411
6
372
1611
114
395
737
489
608
36
118
944
175
243
1496
892
280
208
549
124
650
306
180
11
44
228
188
19
2000
286
409
335
50
447
102
174
6
0
1238
47
215
38
61
386
79
140
17
560
155
107
62
124
102
45
72
104
25
235
197
156
687
73
1622
65
73
27
83
30
122
9
664
755
303
270
0
9
114
424
21
147
119
210
456
316
36
262
45
77
117
539
159
314
184
360
1066
36
146
88
14
45
30
301
8
190
238
454
212
57
88
529
362
858
93
17
93
172
33
21
2
1
261
15
214
119
24
51
137
282
541
88
56
17
346
648
295
1486
127
287
46
55
562
389
337
171
2190
1105
528
85
392
520
26
482
219
81
371
500
215
136
61
58
426
128
352
18
159
164
41
224
113
1060
1611
190
1195
49
25
298
187
35
215
128
111
1374
499
542
251
56
233
117
184
118
231
589
357
116
162
2000
7
128
149
384
103
522
1
1109
237
120
810
201
173
245
333
69
344
12
273
84
359
44
156
113
34
28
169
99
114
78
152
91
68
127
799
120
79
190
76
129
9
139
55
106
127
336
652
77
77
753
189
113
64
129
31
317
1111
97
234
272
296
40
326
686
736
22
171
292
457
47
538
865
3
163
11
105
504
1507
434
339
52
125
364
227
165
228
398
236
243
194
397
125
508
342
70
379
1104
111
656
116
190
651
2001
61
30
8
1043
332
204
259
453
115
201
351
232
1043
336
77
27
168
202
93
179
503
106
68
2001
530
189
23
273
452
774
311
0
5
269
396
91
209
398
64
1166
25
312
524
309
147
141
378
63
62
349
471
720
102
306
312
221
493
161
443
606
126
56
346
110
32
199
72
155
21
169
823
98
113
126
48
85
169
1
117
471
172
223
0
787
8
777
140
299
450
214
319
258
441
1985
938
782
121
77
119
229
0
54
730
404
203
2523
180
102
193
122
1783
275
309
176
81
999
63
442
142
532
97
376
170
45
191
710
176
1880
121
3139
425
573
6062
1589
307
87
272
384
102
283
369
122
519
186
21
37
99
176
249
208
164
705
86
137
15
137
813
99
146
68
586
78
208
344
193
1142
1340
480
126
417
99
827
69
526
920
60
262
36
264
28
150
60
1872
801
254
331
171
287
165
181
38
440
63
202
123
0
156
49
62
113
14
285
860
39
129
47
160
175
308
573
374
57
1009
96
168
48
1199
141
114
633
1992
746
265
135
114
271
55
1917
46
137
543
18
14
274
226
103
191
0
105
55
15
201
310
240
81
986
14
153
530
33
101
145
65
60
1999
111
400
224
79
35
143
85
116
210
8
349
1147
72
1052
184
86
560
1264
697
189
40
3
90
553
331
132
155
208
167
28
443
111
45
40
80
42
264
895
102
58
1103
623
161
187
144
307
255
297
274
63
117
252
211
101
34
176
97
261
269
76
554
148
400
727
363
45
18
103
296
117
1640
173
815
1234
683
108
127
152
106
113
82
161
123
6483
192
244
62
340
82
79
466
253
286
140
261
458
203
26
28
175
909
194
419
148
1712
116
370
75
2001
224
88
137
27
57
77
530
1837
271
111
270
253
247
482
132
258
333
477
305
247
218
3
408
140
288
79
109
957
107
409
195
1030
141
244
69
144
419
37
99
552
1
408
132
295
1057
75
284
54
1187
54
90
330
701
342
53
1392
260
369
80
1659
183
1880
1958
94
46
133
704
252
213
254
860
89
488
282
422
1448
70
114
1038
8
68
72
148
1
99
182
409
306
27
1800
372
337
679
235
23
55
1995
2000
160
186
40
211
82
1464
222
135
189
892
702
40
221
322
102
108
101
274
55
316
240
201
224
530
1353
632
145
172
289
1498
3873
88
464
427
302
56
110
131
1795
846
73
754
781
176
552
433
397
14
115
152
179
266
18
35
217
737
264
822
1052
277
51
110
74
627
63
48
990
62
304
61
299
148
350
1490
303
1826
680
31
157
660
217
888
858
1025
644
2001
239
651
642
179
73
1085
106
7
478
168
105
315
511
179
673
174
74
444
516
875
136
70
204
150
1303
493
888
122
1070
404
39
273
174
1096
343
88
162
46
37
346
1340
127
37
271
53
57
343
212
205
56
306
132
236
549
219
413
40
353
54
187
149
95
60
141
501
1098
79
498
201
2593
53
71
57
626
0
2520
234
161
78
74
50
251
506
222
196
125
1042
923
1213
180
160
420
1210
327
364
280
119
647
724
359
814
107
10
183
678
154
66
87
896
127
529
26
377
516
72
537
865
674
386
375
108
31
163
533
81
263
141
79
226
1514
315
224
503
600
561
87
928
490
359
97
368
67
172
460
275
128
192
124
122
205
531
301
177
521
223
43
300
443
796
1998
128
1997
82
26
204
20
224
29
992
801
84
479
43
186
99
1045
186
1992
320
82
502
99
189
61
155
34
60
140
37
1557
1084
312
46
2001
1042
42
395
631
51
680
168
70
43
498
221
263
868
441
22
278
1199
199
76
2004
84
177
663
72
90
7084
138
187
53
1064
811
297
1273
59
507
489
89
2003
114
6
256
368
290
52
50
13
97
378
7
107
567
604
23
319
8
177
61
224
93
27
80
103
171
143
102
0
212
6056
29715
0
634
44
224
167
1064
560
744
59
204
428
20
38
131
128
1436
879
36
86
50
70
299
126
132
371
210
458
615
39
490
310
95
13
287
47
498
431
778
182
376
156
208
75
577
510
972
244
192
159
152
186
49
65
155
83
2883
1043
258
19
300
238
189
1096
292
125
75
21
151
57
37
1304
1991
144
129
46
145
21
1341
1739
61
1448
607
21
295
76
294
184
14
982
83
57
40
38
179
1
54
315
413
176
1243
8
1800
190
54
43
280
576
482
9
97
230
230
1
38
61
51
5
227
515
142
104
66
77
84
138
525
94
30
91
61
139
29
0
171
146
148
346
60
57
424
104
32
42
449
291
130
143
114
55
14
151
205
391
10
354
140
162
100
167
137
66
374
328
310
349
29
2
201
141
93
93
21
21
235
15
214
149
33
178
645
1092
3550
3726
1015
462
14835
510
82
59
96
213
442
71
2
995
337
975
253
943
175
387
106
1379
78
153
238
255
169
194
629
653
1816
585
247
2341
178
304
302
801
822
1346
52
786
528
147
517
145
81
200
222
32
1254
18788
13
17717
702
955
423
51
32
1462
593
188
0
1184
244
310
196
1816
178
130
1996
1262
283
285
4292
634
731
0
46
582
506
842
204
68
207
75
32
185
98
200
195
6
55
131
49
26
820
215
391
217
125
133
108
8
386
140
42
146
43
97
182
68
45
342
89
215
65
17
23
26
310
104
326
402
39
65
213
75
106
110
586
127
11
70
81
173
30
71
76
19
199
424
295
262
1998
32
610
142
94
407
23
1066
928
801
131
306
1909
165
1989
176
2
372
54
179
749
146
345
783
91
131
46
36
981
13
141
29
242
95
797
25
103
92
277
311
1
13
10
86
22
32
105
10
37
341
30
307
41
210
1
42
35
26
119
384
6
20
265
176
26
1045
19
258
86
55
18831
136
400
8
414
1528
857
98
79
19
26
438
43
13
97
434
606
1986
17
44
223
191
30
1
86
55
8
79
131
606
1528
1221
130
868
2001
254
158
0
1
737
43
13
1961
20
1490
26
26
1800
175
258
982
1766
23
70
586
542
451
209
48
1997
488
122
1120
230
343
0
46
1883
620
143
378
1826
146
231
626
449
104
56145
36
60
12
636
1008
1554
86
725
796
1997
193
661
26
80
21
377
636
240
170
309
1238
627
186
781
1045
320
186
495
34
1228
34
62
95
54
312
309
171
193
419
413
78
860
84
85
449
173
201
56
724
39
168
70
70
354
115
41
127
245
18
591
12
745
102
6
126
137
65
810
0
73
55
1611
259
106
276
570
395
489
293
23
368
363
41
131
50
97
192
84
137
331
36
177
19
65
306
4
960
243
958
836
888
503
339
1567
167
273
1498
593
792
411
198
124
138
102
106
1128
400
355
250
79
434
248
1909
764
1264
708
24
315
363
160
73
128
61
121
200
219
1274
403
757
474
702
237
2185
40
45
649
86
657
1766
897
70
87
1997
488
332
888
133
65
177
16
389
0
1018
144
118
30
149
19
82
99
592
86
291
650
408
794
9
494
503
146
735
193
43
175
604
542
175
56145
1
207
12
9
107
59
257
199
236
530
337
96
29
98
191
328
253
117
130
84
10
64
275
88
346
143
50
108
253
7
92
25
435
69
298
266
624
67
272
1717
152
653
97
19
156
16
92
225
92
421
1642
48
15
421
101
60
31
162
88
296
114
184
97
13
41
44
50
284
69
299
157
498
195
348
149
75
8
1
197
98
49
276
137
94
874
167
413
134
94
140
28
11
288
150
294
15
0
135
552
194
136
485
90
151
41
286
62
167
0
1011
110
43
54
93
644
184
63
30
29
229
74
69
35
197
106
375
27
52
2003
59
129
129
354
97
288
59
375
116
464
190
109
193
20
182
95
211
39
445
327
52
213
325
190
71
707
372
164
549
1
365
634
122
451
8
261
26
35
236
258
262
101
496
43
77
150
577
316
1
1
612
389
55
78
36
692
26
1045
18
124
110
495
258
113
247
56
83
51
1917
653
462
85
361
4
196
47
129
101
35
168
1935
29
799
171
364
105
51
975
83
200
604
1091
343
2001
567
45
72
114
239
237
80
644
22
408
201
198
29
377
258
51
133
84
589
37
57
387
125
29
369
529
176
53
156
143
21
505
2320
318
49
169
99
45
42
22
64
188
666
19
205
542
329
1
45
134
565
175
729
229
60
305
78
21
78
15
131
106
29
44
236
214
145
21
256
104
156
173
101
148
13
220
34
123
347
28
650
0
557
106
61
424
81
43
897
29
35
39
178
85
22
39
15
139
190
116
384
150
1986
1972
1479
15
188
838
119
29715
117
47
125
51
201
50
5800
88
350
1
61
98
9
305
243
1427
65
79
143
1513
70
41
259
16
0
2
384
117
1038
500
81
17
258
198
259
37
7
70
3
2345
96
203
1997
297
488
12
281
129
43
102
0
13
132
327
6
101
17
171
1045
180
376
1488
51
131
170
31
187
451
76
156
349
171
75
129
197
333
280
592
518
22
1866
132
1
495
81
305
60
21
33
227
527
157
47
44
98
345
1739
330
347
235
84
573
21
295
329
943
199
166
1983
820
2003
1872
245
340
363
146
110
639
8
273
164
364
176
356
56
62
172
152
100
63
134
997
125
177
167
182
50
195
378
71
70
40
32
733
126
168
199
148
226
111
807
149
913
399
922
932
598
768
91
619
424
218
25
50
42
644
391
141
610
213
156
22
239
0
25
204
309
160
61
90
895
260
1153
205
794
552
365
2001
1614
214
161
2707
75
426
224
0
143
193
168
133
419
82
44
182
363
49
83
325
1363
221
22
80
476
192
506
647
134
10
26
725
50
34
46
86
235
16
222
50
25
820
38
688
96
118
7
49
139
105
138
7
606
203
125
13
1376
213
141
79
432
74
46
545
57
201
97
60
73
105
50
82
318
433
108
50
236
45
56
94
603
153
170
543
94
26
35
171
1808
206
194
40
87
245
158
62
30
133
142
374
52
90
838
102
1332
245
213
37
114
140
120
288
73
59
94
283
126
753
38
11
122
214
454
35
32
69
55
43
19
41
151
44
111
18
577
226
328
32
91
214
137
483
280
2000
48
82
9
146
66
59
730
22
109
155
246
10
1614
72
530
227
20
425
54
48
147
14
169
159
77
400
29
215
89
22
8
623
426
111
100
70
2
36
115
46
55
242
206
314
347
35
82
78
32
149
736
34
52
233
111
2003
33
18
103
148
245
197
141
61
365
25
801
464
775
34
48
371
56
216
43
134
174
180
126
69
94
119
39
394
318
38
112
363
124
283
548
29
94
8
30
12
169
111
115
70
796
1420
127
1997
65
0
212
1
2001
1988
434
348
74
906
152
186
1151
6
400
317
332
369
9
28
489
217
462
550
1264
333
1011
46
76
788
217
123
404
116
238
156
36
337
1175
121
126
1998
89
708
169
170
494
135
34
380
192
400
348
981
283
170
72
205
122
660
185
6
155
120
21
10
324
982
412
19
107
658
84
417
31
6
716
1092
186
113
610
83
12
253
30
293
274
135
30
199
120
306
63
503
90
64
21
2000
22
249
370
1
238
350
1228
23
49
429
256
1
387
295
781
203
1045
251
1064
24
99
1269
1167
489
617
728
29
125
263
542
368
106
79
149
131
1435
203
378
26
55
114
19
11
202
981
41
18
508
377
77
265
1075
231
17
249
388
50
144
494
109
166
677
457
2001
583
21
477
30
161
4
414
789
757
55
189
24
187
243
110
42
70
21
165
93
104
38
316
50
21
95
83
45
91
98
27
88
30
7
61
67
291
177
0
93
21
176
5
360
1333
424
15
42
291
2000
74
65
126
207
542
65
72
155
1
88
211
33
259
607
112
61
463
563
218
146
5
106
57
100
32
104
210
315
138
775
611
135
173
30
419
303
0
171
93
21
93
346
53
424
88
15
1300
2
44
17
5
38
4
344
76
19
127
24
17
19
21
0
100
2
7
84
16
320
20
194
1740
5
215
23
12
7
12
981
11
8
7
25
9
578
187
68
443
10
134
380
8
16
20
306
107
10
46
36
2
15
116
6
41
7
502
80
158
735
324
224
427
217
346
285
692
359
5
730
1092
254
26
0
454
253
771
392
656
179
130
650
68
16
206
159
23
43
20
453
177
7
83
41
63
2000
101
232
193
71
27
77
124
162
72
191
1783
34
280
180
10
1340
1827
732
192
336
306
256
71
300
163
413
228
68
429
134
412
56
62
79
928
612
105
1875
462
228
6
473
370
850
93
552
432
447
59
75
35
83
171
541
103
196
143
289
63
125
253
6
291
327
33
171
84
550
297
14
34
771
295
366
58
50
57
94
740
70
679
39
1639
2001
76
290
19
1137
1766
300
315
58
281
180
319
136
101
172
139
322
432
255
244
116
17
433
152
1156
220
482
20
497
241
450
574
200
111
243
145
369
378
1051
371
569
202
251
467
70
106
1
1566
1273
40
59
12
2001
188
55
141
834
106
61
111
121
188
176
106
201
892
89
221
58
63
25
112
157
884
120
131
262
91
287
244
253
36
2593
450
185
127
519
52
165
1165
228
33
975
354
84
329
370
387
678
13
22
103
871
334
40
1069
50
27
470
44
1906
122
31
55
44
165
317
178
382
533
2001
460
105
26
175
668
9982
182
528
349
190
108
52
2003
25
550
358
4037
46
155
549
76
230
34
87
58
84
1923
444
337
2001
1282
55
817
348
185
655
1031
337
13
20
604
265
71
624
41
35
194
514
183
301
74
1139
193
4
46
59
394
356
1956
104
486
344
451
274
323
121
25
1011
865
970
209
83
314
1
1043
502
21
1633
244
332
376
76
177
116
610
1072
15
31
158
68
29
221
0
54
35
215
0
42
3682
397
921
588
67
396
81
52
146
291
936
93
360
312
316
279
309
161
153
16
190
1892
301
52
49
11
199
102
41
72
249
128
460
148
1951
561
446
767
87
152
7
96
375
45
221
3416
655
223
3726
270
1598
447
260
1650
723
63
179
129
150
520
459
2
592
2
1817
219
355
336
3167
178
380
1783
548
629
14790
1079
281
387
322
228
1936
2005
224
302
619
39
1401
1037
654
1994
603
95
190
45
602
2481
1363
825
209
240
310
282
13
198
478
499
935
1869
1462
85
637
350
277
45
343
727
1435
427
528
419
378
260
360
749
19
18
297
317
55
175
232
149
4823
645
273
907
632
3938
291
2000
322
126
705
3644
750
339
82
523
126
1250
29715
697
1185
619
3393
172
51
6483
2309
793
121
337
1
381
1
276
398
175
3529
364
522
575
123
1492
1095
1861
1092
1428
841
454
154
248
3306
1952
2185
215
320
465
188
1635
226
103
786
1193
1930
765
1124
94
1502
7
911
1278
238
1254
12
956
35
679
215
475
611
1495
46
113
693
4081
235
298
254
178
365
292
1262
103
128
886
307
131
74
1991
97
2277
169
582
506
737
1224
549
148
842
257
66
353
300
181
542
841
350
142
3873
919
228
306
198
280
50
514
1026
2065
181
721
75
66
485
2050
428
1987
97
660
1594
849
257
155
289
877
616
138
203
596
1887
131
321
548
313
590
351
75
306
45
104
44
49
363
148
148
1622
184
54
628
598
55
490
483
106
34
120
919
433
393
420
1594
978
24
299
1468
611
128
168
596
77
146
812
500
107
1
526
573
607
47
72
258
210
378
95
1
55
204
367
94
26
926
110
258
689
292
536
85
1882
1124
241
820
99
123
71
1811
191
139
131
396
194
620
441
462
262
249
71
399
482
28
205
430
1007
103
1486
73
552
400
1050
79
101
276
279
67
154
60
169
407
65
616
167
307
490
235
1695
265
275
211
204
2624
1995
1739
110
210
840
607
275
209
83
19
7
233
372
193
200
95
309
184
333
180
494
83
404
1340
184
414
98
80
629
419
84
125
295
411
1998
868
262
1104
177
1866
181
20
185
182
8
78
190
810
101
1989
7
176
17
131
96
222
273
30
58
168
57
582
312
57
276
32
524
140
698
1075
308
160
41
451
305
689
425
375
449
1199
74
184
1
394
190
137
240
326
295
167
348
117
54
23
37
67
462
193
165
52
56
224
182
401
202
298
166
236
1091
926
420
4194
2333
68
165
483
2410
2067
305
139
238
348
82
1994
153
196
723
278
697
104
537
759
375
1775
185
117
276
931
136
160
348
371
148
7999
1170
1986
828
369
373
884
278
198
506
72
224
449
470
181
1871
425
257
363
50
735
1184
3392
225
442
698
1171
3356
300
1559
882
1219
2001
6
342
214
1157
194
234
528
978
140
224
536
718
1069
702
56
152
1647
2277
1034
275
98
65
80
506
506
999
42
158
344
193
28
817
283
403
184
488
59
129
1
45
207
108
565
96
494
93
650
373
895
260
1998
112
34
308
124
168
78
340
235
928
355
312
29
591
5
400
33
629
372
224
70
116
86
796
87
481
248
20
93
262
632
79
258
93
10
199
43
26
186
79
148
177
804
97
65
80
73
440
55
1064
2000
152
55
1198
489
328
189
34
717
79
363
312
46
53
309
81
877
388
0
158
239
262
369
90
146
292
62
72
139
121
600
161
162
42
552
322
349
97
76
571
14
20
217
18
50
468
85
19
186
433
69
54
27
57
190
189
141
1347
160
135
40
366
330
431
371
166
121
976
237
182
325
179
20
115
117
838
133
139
36
266
273
417
130
371
19
300
154
245
299
116
791
261
88
57
94
68
422
82
494
1300
21
755
211
774
49
449
318
2410
141
257
235
232
191
686
2186
514
175
601
744
30
17
143
28
195
43
210
413
0
1609
61
63
1072
206
12
97
217
45
144
262
27
40
72
284
155
243
40
45
111
105
510
439
1012
32
124
341
514
83
224
173
56
1180
250
97
1219
72
169
17
67
136
191
604
87
52
200
638
1978
21
100
196
154
10
71
119
439
9
267
68
359
350
27
67
31
56
102
622
425
151
6056
60
1327
175
900
428
431
93
97
176
697
40
43
253
255
250
83
128
39
157
225
187
225
417
74
211
475
331
61
180
738
110
9
414
106
73
8
60
103
472
44
314
143
214
258
486
521
230
407
55
54
141
104
86
112
129
424
6
468
404
505
108
195
208
458
323
84
61
29
208
184
97
561
154
0
213
299
126
209
461
91
120
61
134
189
505
152
67
1011
517
309
122
12
198
151
125
1166
2320
663
117
13
43
224
417
41
62
131
177
147
536
1046
271
192
467
159
118
152
233
251
13
389
601
137
258
246
765
1325
39
39
414
325
281
150
287
119
1304
46
46
531
17
506
148
150
198
150
49
0
90
2000
245
332
120
975
92
367
298
152
200
79
142
68
307
436
348
499
222
721
1111
73
1096
355
312
169
276
30
761
931
945
171
443
1128
476
215
631
32
98
283
318
42
80
14
348
92
135
137
86
3345
336
223
130
91
155
178
31
78
610
61
228
159
99
57
59
176
5
24
78
68
1715
1769
322
14
71
26
236
232
104
8
54
399
190
250
279
339
27
49
151
92
151
30
108
1971
207
664
9
0
93
35
67
21
253
424
15
648
86
224
18
46
35
47
261
510
96
52
80
170
1017
103
78
81
166
75
230
101
289
59
458
139
143
8
384
71
192
271
1256
60
240
46
94
51
123
131
60
102
41
17
100
163
449
717
38
15
221
233
78
855
80
293
114
248
36516
89
277
286
395
381
79
2001
386
42
257
513
89
142
50
336
482
13
46
57
42
20
1998
286
270
183
29
190
52
90
106
181
195
63
372
69
150
115
138
117
1366
228
710
94
94
209
77
43
14
56
78
118
68
396
46
122
54
185
29
591
57
142
1090
297
140
402
21
5
62
288
61
378
1204
906
228
103
91
2001
75
294
66
63
797
128
41
194
21
11
81
38
247
6
169
55
590
24
38
1563
98
624
560
109
38
322
23
922
299
74
92
749
119
1008
71
97
933
128
1958
132
15
6
52
71
871
99
644
183
72
70
66
18
364
51
196
554
278
117
70
823
44
275
205
284
254
383
63
0
912
294
158
28
11
507
746
478
258
281
247
851
141
141
1267
295
380
104
509
144
527
213
103
325
107
200
10
118
604
45
56145
249
47
88
230
294
267
17
304
1026
147
295
325
35
27
101
12
17
443
1
6
124
1996
520
168
131
46
434
188
50
372
266
735
53
49
372
54
526
152
10
51
177
182
501
0
1988
510
838
269
6056
1999
192
375
376
0
22
728
83
518
317
140
137
744
436
2001
126
218
921
167
139
1121
259
112
70
254
200
33
754
827
292
83
210
1717
0
111
1304
274
98
39
46
241
150
40
15
233
81
33
80
96
107
78
148
277
402
395
148
338
40
230
201
1033
117
143
6
133
355
399
56
680
59
380
669
57
167
281
422
83
1421
148
115
95
164
52
49
126
111
157
452
634
20
304
54
100
280
109
4618
496
89
280
2065
74
28
130
60
1310
408
2001
393
577
767
874
46
1594
105
97
125
259
128
381
1011
596
36
500
129
157
44
102
307
887
893
416
202
481
1997
243
589
1353
70
196
170
551
262
256
1238
597
450
463
518
1098
96
381
797
431
746
81
439
34
776
191
619
123
293
673
27
177
651
244
478
1998
1088
1199
0
16
6
547
865
0
458
1167
347
963
1027
516
445
368
492
1209
837
26
11
192
979
0
757
0
212
46
2000
105
281
49
55
108
1
125
348
181
66
333
1312
66
128
1348
5
328
15
140
3
48
312
253
40
696
48
236
975
293
1916
74
42
29
84
860
48
51
371
154
112
56
199
622
21
823
825
63
186
169
27
258
223
1049
344
14
180
53
47
494
1730
364
192
441
24
144
73
80
292
54
56
249
1739
21
295
759
104
1492
188
244
123
1
348
302
54
147
781
386
53
1356
285
8
688
152
568
33
594
2003
104
0
408
2002
60
524
160
14
171
123
40
191
197
60
218
499
63
150
109
898
89
65
2847
277
70
42
4618
319
394
467
82
288
66
244
11
459
65
122
66
43
277
927
0
130
191
176
672
413
9
346
943
53
386
1999
25
1234
269
570
1167
2001
76
25
176
2
1060
368
188
170
2590
5030
2001
256
196
302
15
152
3891
273
797
817
298
934
453
143
210
57
1564
108
893
49
59
41
2523
475
350
95
521
173
90
132
348
313
666
787
10
50
1205
52
732
61
177
231
137
217
604
123
570
512
156
125
314
818
245
131
368
971
60
97
450
47
115
156
53
162
411
172
138
18
53
331
370
268
66
34
238
45
49
44
91
35
96
58
290
65
230
61
39
114
110
188
61
772
56
83
176
195
5
233
290
77
23
264
145
249
146
427
104
67
106
206
89
65
70
34
27
86
106
53
55
135
30
205
497
288
136
145
132
303
79
0
213
520
115
424
23
89
10
136
68
204
60
185
15
787
98
40
50
65
211
38
37
49
126
136
97
106
15
88
364
304
37
104
39
207
85
1924
60
93
343
21
98
65
21
7
15
162
61
218
342
230
245
44
146
471
482
37
1020
93
550
400
23
65
80
347
57
1522
392
95
215
1468
29
112
93
133
164
618
363
136
283
318
126
214
111
98
21
252
234
51
11
158
77
11
1931
55
48
83
402
1
110
576
69
691
36
173
189
996
371
56
53
386
471
44
72
5
92
104
218
309
271
176
1259
13
148
29
171
281
81
42
74
68
78
31
67
243
292
159
86
274
320
17
1042
286
258
1998
51
157
342
105
45
4
432
836
57
1627
222
134
279
117
782
75
138
527
72
34
296
1
40
49
34
48
247
120
142
42
423
85
382
12
163
413
112
1269
1662
328
14
37
1035
560
104
257
5
178
156
371
713
1553
331
177
293
274
169
833
172
736
1047
551
1095
8
19
2
306
1003
169
106
299
111
67
161
24
380
161
200
468
30
218
599
7
56
126
194
181
113
110
283
366
98
297
255
1725
368
506
95
280
23
64
20
451
335
42
812
94
74
155
129
299
179
151
487
690
53
699
234
61
73
76
149
216
138
698
214
43
107
55
8
22
1528
105
34
289
146
438
1
43
6
4
1679
13
78
20
221
76
26
1045
85
110
107
258
52
0
35
2
13
0
111
63
723
51
39
280
1031
66
721
438
49
237
66
45
237
33
80
564
197
320
140
318
877
171
144
386
61
314
34
1717
119
102
9
61
66
291
727
139
500
1363
668
36
1974
43
620
146
545
705
450
1995
106
67
14
251
821
137
352
28
72
85
813
510
109
169
673
26
214
62
94
572
56
95
41
50
128
37
69
187
645
33
68
34
2000
16
242
350
526
41
1
60
260
31
679
485
167
3211
52
401
687
406
127
1252
225
72
131
236
863
60
83
7612
14
248
220
488
208
188
57
9
2648
308
60
35
7421
279
630
94
109
240
189
11
2108
1436
104
98
26
44
139
748
1922
71
444
35
167
32
88
17649
2871
87
197
75
493
260
130
42
19
1746
158
3416
89
818
762
103
114
46
75
11
105
110
462
301
1433
63
139
781
259
624
44
400
57
442
210
103
45
75
102
53
396
431
210
160
646
372
118
209
560
3
203
0
1557
318
194
63
374
161
379
1274
96
63
1439
336
81
5
39
30
42
212
958
83
367
1087
37
42
245
323
531
190
527
21
30
213
117
140
1064
541
753
214
1665
94
1968
1730
18
21
669
251
167
61
812
48524
618
20
49
494
663
65
84
277
109
1482
1018
1192
103
116
635
54
45
236
104
271
192
23
1775
5
456
273
83
91
291
192
889
219
363
443
81
274
228
194
2326
957
615
194
156
786
116
68
63
237
111
280
190
332
56
898
21
54
2707
253
66
572
160
57
44
19
126
1975
414
169
110
0
258
47
217
117
223
305
8
38
112
135
18
25
33
233
258
120
2277
133
70
506
367
18831
460
48
137
470
44
37
174
78
20
138
935
73
1552
228
77
164
26
680
258
303
269
59
76
41
21
249
2
102
92
421
186
152
202
398
570
741
376
88
25
159
365
368
1343
131
1348
932
5030
931
15
755
91
215
1353
449
19
322
7
1505
22
188
536
108
1997
116
46
993
542
94
156
353
2544
434
76
360
43
7
101
228
996
312
98
626
26
255
501
75
156
82
210
34
356
2000
251
24
132
49
40
620
527
24
631
124
142
309
259
80
70
2345
848
209
1761
114
129
56
37
346
95
60
454
439
303
1153
322
354
13
49
375
6
30
445
327
0
383
337
174
282
5
86
23
479
64
56
42
280
495
300
141
487
111
404
25
107
63
15
44
2000
69
18
30
44
495
57
79
357
1353
85
98
119
444
1318
97
152
42
65
59
369
26
20
57
36
222
79
570
142
140
64
83
95
79
368
34
52
59
95
131
39
1142
204
824
32
64
962
520
524
234
184
39
153
406
61
443
302
643
68
5
30
155
381
174
370
104
439
133
27
228
60
84
30
303
164
291
205
171
542
0
147
424
606
153
454
61
291
345
188
144
48
698
91
110
1236
21
391
93
79
121
64
233
41
146
314
65
137
209
179
18
367
93
135
22
56
178
399
255
47
191
549
93
250
21
486
37
226
15
65
173
1167
76
728
25
127
876
79
249
80
238
368
154
170
131
312
5030
26
46
26
113
152
15
824
32
78
1231
259
331
29
0
119
479
80
71
46
1103
105
71
536
49
21
77
221
475
1
118
197
2000
346
45
247
74
70
169
1999
2883
0
258
342
5
904
328
2001
753
3
56
143
192
2001
108
365
1490
91
65
62
14
201
171
1
356
245
1199
112
577
739
1
1740
186
692
9
326
26
440
2883
258
72
885
83
136
52
0
1011
83
488
256
1816
350
778
802
447
604
527
124
329
2353
1435
183
195
0
8
57
294
152
137
204
105
820
113
275
461
434
151
594
446
1486
87
274
46
552
400
92
38
152
176
82
328
77
822
560
550
143
3
624
1557
198
125
94
132
984
861
254
59
360
126
64
843
554
42
680
345
102
44
139
27
1589
271
648
239
57
146
80
242
57
314
198
50
164
44
720
44
41
117
215
759
136
279
2883
33
144
32
63
108
139
42
174
167
554
35
72
1530
95
21
74
292
147
1211
576
281
610
126
34
49
2000
884
26
299
101
104
61
144
1119
1
64
293
1640
799
378
43
280
344
200
300
0
421
149
336
84
51
5
189
453
61
106
291
598
17
313
1042
42
105
63
105
88
371
330
52
23
4
12
420
144
16
56
214
102
365
336
199
73
155
21
167
1
1489
253
48
219
85
90
2710
68
169
237
19
258
139
184
0
75
1578
47
381
136
3
222
77
35
121
143
83
73
299
11
316
126
31
67
19
1739
1
1766
164
319
102
295
21
2000
195
493
178
1456
2410
411
426
117
616
176
8
372
72
148
20
217
608
458
27
82
0
923
146
485
253
89
171
86
892
555
1599
2001
1998
1891
895
102
2001
63
1363
1890
500
122
292
83
111
199
97
37
134
1837
11
1489
315
101
692
663
312
99
50
19
681
471
199
320
478
680
317
428
115
1264
1594
333
820
374
12
342
168
191
90
5
53
641
31
275
149
131
221
384
199
639
723
115
549
166
452
1
67
39
258
181
0
1
55
1998
196
20
210
26
1045
37
16
19
258
1998
1707
55
18831
308
48
128
309
62
270
43
231
242
13
130
642
2002
21
57
666
359
30
1998
203
78
16
199
18
2003
3
165
18
828
204
1303
386
152
76
185
123
124
770
141
177
6062
1464
67
117
55
1069
188
1002
30
988
123
480
126
267
280
13
160
2000
71
62
268
138
307
142
12
1011
1
28
138
11
108
41
112
634
95
79
191
192
551
139
828
163
796
30
65
46
355
43
350
224
284
152
295
299
1147
797
488
35
34
159
439
79
312
114
143
871
644
139
860
1305
797
127
407
70
363
3
391
651
41
1492
247
704
57
196
199
278
0
1
74
28
57
6
65
15
1800
1180
55
99
16
95
570
122
24
245
197
608
368
1730
1000
395
19
461
75
177
233
80
9
69
107
57
39
183
83
9
277
71
402
148
198
117
47
133
355
58
86
399
28
58
380
15
40
351
669
94
66
114
167
41
281
422
27
309
313
83
94
657
0
2000
1
105
116
320
157
996
65
1094
32
20
1095
2
506
26
18
43
251
141
1230
21
48
382
131
1293
578
246
262
44
295
293
70
2001
247
998
22
106
141
662
251
217
299
2001
4618
538
29
322
129
237
487
337
501
738
276
171
126
468
31
82
20
76
827
365
48
579
330
22
433
250
845
35
1494
202
121
115
350
273
118
1999
647
136
224
132
1113
211
152
623
56
620
5084
331
2001
176
135
2001
1869
259
713
294
192
101
605
411
140
2883
1060
490
1514
495
474
775
243
342
82
173
44
508
550
253
2871
151
394
437
265
598
430
255
107
821
1991
2277
1705
54
376
535
205
70
120
818
2001
119
22
175
401
1306
501
1498
434
368
1433
520
93
342
127
151
153
102
83
342
44
350
39
310
303
0
635
1937
154
153
1869
294
865
94
1798
294
2001
360
1518
440
1983
56
341
3
667
255
12
508
446
528
103
224
150
52
86
4
500
46
723
43
424
484
1986
139
472
0
151
859
538
297
26
53
53
2446
189
57
566
76
339
253
146
783
181
100
1363
242
2100
90
371
827
386
85
1999
834
29
99
56
135
1258
622
1
1255
177
140
1514
303
15
178
167
767
130
73
77
2871
422
82
1493
438
101
309
103
325
333
443
280
440
1705
582
487
506
1172
95
1175
347
72
138
555
11
107
101
120
84
762
1020
257
306
86
9
136
42
68
148
400
198
176
283
503
114
318
383
65
91
149
42
85
252
261
103
201
1972
197
184
454
144
202
607
129
1479
263
147
212
29715
401
32
89
299
148
370
12085
298
395
217
84
317
431
31
1427
87
269
79
191
345
299
60
152
150
14
76
206
225
365
17
290
616
96
425
81
897
308
310
178
1746
17
311
100
384
466
151
223
111
76
415
838
135
24
850
341
125
659
201
73
1653
1017
861
308
151
68
55
184
23
23
318
8
135
74
120
1043
372
89
834
72
170
479
106
549
0
728
2
234
33
304
356
78
42
155
15
32
91
94
466
794
208
261
209
83
402
263
36
65
81
305
233
80
163
19
862
80
1095
328
1034
1024
2403
560
493
205
822
125
907
454
52
1018
209
253
87
733
1
1172
137
1047
105
650
318
926
351
1
265
75
12
47
1923
558
198
1
367
1
705
752
119
20
311
15
26
1045
110
206
36
40
258
1273
55
52
8
21
88
79
396
1824
44
172
0
222
83
175
43
13
1827
1766
45
130